{
 "cells": [
  {
   "cell_type": "markdown",
   "metadata": {},
   "source": [
    "데이터 로드"
   ]
  },
  {
   "cell_type": "code",
   "execution_count": 280,
   "metadata": {},
   "outputs": [
    {
     "data": {
      "text/html": [
       "<div>\n",
       "<style scoped>\n",
       "    .dataframe tbody tr th:only-of-type {\n",
       "        vertical-align: middle;\n",
       "    }\n",
       "\n",
       "    .dataframe tbody tr th {\n",
       "        vertical-align: top;\n",
       "    }\n",
       "\n",
       "    .dataframe thead th {\n",
       "        text-align: right;\n",
       "    }\n",
       "</style>\n",
       "<table border=\"1\" class=\"dataframe\">\n",
       "  <thead>\n",
       "    <tr style=\"text-align: right;\">\n",
       "      <th></th>\n",
       "      <th>일자</th>\n",
       "      <th>시가</th>\n",
       "      <th>고가</th>\n",
       "      <th>저가</th>\n",
       "      <th>종가</th>\n",
       "      <th>전일비</th>\n",
       "      <th>Unnamed: 6</th>\n",
       "      <th>등락률</th>\n",
       "      <th>거래량</th>\n",
       "      <th>금액(백만)</th>\n",
       "      <th>신용비</th>\n",
       "      <th>개인</th>\n",
       "      <th>기관</th>\n",
       "      <th>외인(수량)</th>\n",
       "      <th>외국계</th>\n",
       "      <th>프로그램</th>\n",
       "      <th>외인비</th>\n",
       "    </tr>\n",
       "  </thead>\n",
       "  <tbody>\n",
       "    <tr>\n",
       "      <th>0</th>\n",
       "      <td>2021/12/17</td>\n",
       "      <td>76800</td>\n",
       "      <td>78000</td>\n",
       "      <td>76800</td>\n",
       "      <td>78000</td>\n",
       "      <td>▲</td>\n",
       "      <td>200</td>\n",
       "      <td>0.26</td>\n",
       "      <td>11802494.0</td>\n",
       "      <td>914987.0</td>\n",
       "      <td>0.00</td>\n",
       "      <td>-733323</td>\n",
       "      <td>-907696</td>\n",
       "      <td>0</td>\n",
       "      <td>-257019</td>\n",
       "      <td>757837</td>\n",
       "      <td>51.78</td>\n",
       "    </tr>\n",
       "    <tr>\n",
       "      <th>1</th>\n",
       "      <td>2021/12/16</td>\n",
       "      <td>78500</td>\n",
       "      <td>78500</td>\n",
       "      <td>77400</td>\n",
       "      <td>77800</td>\n",
       "      <td>▲</td>\n",
       "      <td>200</td>\n",
       "      <td>0.26</td>\n",
       "      <td>11996128.0</td>\n",
       "      <td>934244.0</td>\n",
       "      <td>0.13</td>\n",
       "      <td>-442445</td>\n",
       "      <td>-261746</td>\n",
       "      <td>-105777</td>\n",
       "      <td>571543</td>\n",
       "      <td>822030</td>\n",
       "      <td>51.78</td>\n",
       "    </tr>\n",
       "    <tr>\n",
       "      <th>2</th>\n",
       "      <td>2021/12/15</td>\n",
       "      <td>76400</td>\n",
       "      <td>77600</td>\n",
       "      <td>76300</td>\n",
       "      <td>77600</td>\n",
       "      <td>▲</td>\n",
       "      <td>600</td>\n",
       "      <td>0.78</td>\n",
       "      <td>9584939.0</td>\n",
       "      <td>738592.0</td>\n",
       "      <td>0.14</td>\n",
       "      <td>-1118059</td>\n",
       "      <td>-654764</td>\n",
       "      <td>1095947</td>\n",
       "      <td>1946258</td>\n",
       "      <td>1706254</td>\n",
       "      <td>51.79</td>\n",
       "    </tr>\n",
       "    <tr>\n",
       "      <th>3</th>\n",
       "      <td>2021/12/14</td>\n",
       "      <td>76500</td>\n",
       "      <td>77200</td>\n",
       "      <td>76200</td>\n",
       "      <td>77000</td>\n",
       "      <td>▲</td>\n",
       "      <td>200</td>\n",
       "      <td>0.26</td>\n",
       "      <td>10976660.0</td>\n",
       "      <td>841447.0</td>\n",
       "      <td>0.14</td>\n",
       "      <td>198293</td>\n",
       "      <td>-1487295</td>\n",
       "      <td>1005909</td>\n",
       "      <td>804186</td>\n",
       "      <td>-132070</td>\n",
       "      <td>51.77</td>\n",
       "    </tr>\n",
       "    <tr>\n",
       "      <th>4</th>\n",
       "      <td>2021/12/13</td>\n",
       "      <td>77200</td>\n",
       "      <td>78300</td>\n",
       "      <td>76500</td>\n",
       "      <td>76800</td>\n",
       "      <td>▼</td>\n",
       "      <td>-100</td>\n",
       "      <td>-0.13</td>\n",
       "      <td>15038750.0</td>\n",
       "      <td>1163285.0</td>\n",
       "      <td>0.13</td>\n",
       "      <td>-181359</td>\n",
       "      <td>184966</td>\n",
       "      <td>-151301</td>\n",
       "      <td>-1388477</td>\n",
       "      <td>-606534</td>\n",
       "      <td>51.75</td>\n",
       "    </tr>\n",
       "    <tr>\n",
       "      <th>5</th>\n",
       "      <td>2021/12/10</td>\n",
       "      <td>77400</td>\n",
       "      <td>77600</td>\n",
       "      <td>76800</td>\n",
       "      <td>76900</td>\n",
       "      <td>▼</td>\n",
       "      <td>-1300</td>\n",
       "      <td>-1.66</td>\n",
       "      <td>9155219.0</td>\n",
       "      <td>705966.0</td>\n",
       "      <td>0.13</td>\n",
       "      <td>1797829</td>\n",
       "      <td>-1071153</td>\n",
       "      <td>-728679</td>\n",
       "      <td>-505955</td>\n",
       "      <td>-1714088</td>\n",
       "      <td>51.75</td>\n",
       "    </tr>\n",
       "    <tr>\n",
       "      <th>6</th>\n",
       "      <td>2021/12/09</td>\n",
       "      <td>77400</td>\n",
       "      <td>78200</td>\n",
       "      <td>77000</td>\n",
       "      <td>78200</td>\n",
       "      <td>▲</td>\n",
       "      <td>800</td>\n",
       "      <td>1.03</td>\n",
       "      <td>21604528.0</td>\n",
       "      <td>1681184.0</td>\n",
       "      <td>0.14</td>\n",
       "      <td>-1671678</td>\n",
       "      <td>-491078</td>\n",
       "      <td>2768853</td>\n",
       "      <td>2796574</td>\n",
       "      <td>3486578</td>\n",
       "      <td>51.77</td>\n",
       "    </tr>\n",
       "    <tr>\n",
       "      <th>7</th>\n",
       "      <td>2021/12/08</td>\n",
       "      <td>78300</td>\n",
       "      <td>78600</td>\n",
       "      <td>77100</td>\n",
       "      <td>77400</td>\n",
       "      <td></td>\n",
       "      <td>0</td>\n",
       "      <td>0.00</td>\n",
       "      <td>21558340.0</td>\n",
       "      <td>1662979.0</td>\n",
       "      <td>0.14</td>\n",
       "      <td>-2524520</td>\n",
       "      <td>2586682</td>\n",
       "      <td>703379</td>\n",
       "      <td>-941476</td>\n",
       "      <td>48232</td>\n",
       "      <td>51.72</td>\n",
       "    </tr>\n",
       "    <tr>\n",
       "      <th>8</th>\n",
       "      <td>2021/12/07</td>\n",
       "      <td>76100</td>\n",
       "      <td>77700</td>\n",
       "      <td>75600</td>\n",
       "      <td>77400</td>\n",
       "      <td>▲</td>\n",
       "      <td>1100</td>\n",
       "      <td>1.44</td>\n",
       "      <td>19232453.0</td>\n",
       "      <td>1477888.0</td>\n",
       "      <td>0.14</td>\n",
       "      <td>-2997907</td>\n",
       "      <td>-547244</td>\n",
       "      <td>4216958</td>\n",
       "      <td>3518986</td>\n",
       "      <td>123462</td>\n",
       "      <td>51.71</td>\n",
       "    </tr>\n",
       "    <tr>\n",
       "      <th>9</th>\n",
       "      <td>2021/12/06</td>\n",
       "      <td>75100</td>\n",
       "      <td>76700</td>\n",
       "      <td>74900</td>\n",
       "      <td>76300</td>\n",
       "      <td>▲</td>\n",
       "      <td>700</td>\n",
       "      <td>0.93</td>\n",
       "      <td>16391250.0</td>\n",
       "      <td>1245309.0</td>\n",
       "      <td>0.14</td>\n",
       "      <td>-3062604</td>\n",
       "      <td>576498</td>\n",
       "      <td>2508191</td>\n",
       "      <td>2146417</td>\n",
       "      <td>2070776</td>\n",
       "      <td>51.64</td>\n",
       "    </tr>\n",
       "    <tr>\n",
       "      <th>10</th>\n",
       "      <td>2021/12/03</td>\n",
       "      <td>75600</td>\n",
       "      <td>76000</td>\n",
       "      <td>74100</td>\n",
       "      <td>75600</td>\n",
       "      <td>▼</td>\n",
       "      <td>-200</td>\n",
       "      <td>-0.26</td>\n",
       "      <td>18330240.0</td>\n",
       "      <td>1375861.0</td>\n",
       "      <td>0.15</td>\n",
       "      <td>133267</td>\n",
       "      <td>-157689</td>\n",
       "      <td>-630400</td>\n",
       "      <td>467310</td>\n",
       "      <td>-532651</td>\n",
       "      <td>51.60</td>\n",
       "    </tr>\n",
       "    <tr>\n",
       "      <th>11</th>\n",
       "      <td>2021/12/02</td>\n",
       "      <td>73900</td>\n",
       "      <td>75800</td>\n",
       "      <td>73800</td>\n",
       "      <td>75800</td>\n",
       "      <td>▲</td>\n",
       "      <td>1400</td>\n",
       "      <td>1.88</td>\n",
       "      <td>23652940.0</td>\n",
       "      <td>1778785.0</td>\n",
       "      <td>0.15</td>\n",
       "      <td>-6603764</td>\n",
       "      <td>-164462</td>\n",
       "      <td>6327924</td>\n",
       "      <td>5789997</td>\n",
       "      <td>5214948</td>\n",
       "      <td>51.61</td>\n",
       "    </tr>\n",
       "    <tr>\n",
       "      <th>12</th>\n",
       "      <td>2021/12/01</td>\n",
       "      <td>72000</td>\n",
       "      <td>74800</td>\n",
       "      <td>71600</td>\n",
       "      <td>74400</td>\n",
       "      <td>▲</td>\n",
       "      <td>3100</td>\n",
       "      <td>4.35</td>\n",
       "      <td>21954856.0</td>\n",
       "      <td>1610885.0</td>\n",
       "      <td>0.15</td>\n",
       "      <td>-6250521</td>\n",
       "      <td>415580</td>\n",
       "      <td>5498391</td>\n",
       "      <td>5601567</td>\n",
       "      <td>3706678</td>\n",
       "      <td>51.50</td>\n",
       "    </tr>\n",
       "    <tr>\n",
       "      <th>13</th>\n",
       "      <td>2021/11/30</td>\n",
       "      <td>73200</td>\n",
       "      <td>73900</td>\n",
       "      <td>70500</td>\n",
       "      <td>71300</td>\n",
       "      <td>▼</td>\n",
       "      <td>-1000</td>\n",
       "      <td>-1.38</td>\n",
       "      <td>30364841.0</td>\n",
       "      <td>2183678.0</td>\n",
       "      <td>0.15</td>\n",
       "      <td>1834720</td>\n",
       "      <td>-2841806</td>\n",
       "      <td>1600552</td>\n",
       "      <td>370200</td>\n",
       "      <td>939616</td>\n",
       "      <td>51.41</td>\n",
       "    </tr>\n",
       "    <tr>\n",
       "      <th>14</th>\n",
       "      <td>2021/11/29</td>\n",
       "      <td>71700</td>\n",
       "      <td>73000</td>\n",
       "      <td>71400</td>\n",
       "      <td>72300</td>\n",
       "      <td></td>\n",
       "      <td>0</td>\n",
       "      <td>0.00</td>\n",
       "      <td>16682559.0</td>\n",
       "      <td>1206606.0</td>\n",
       "      <td>0.15</td>\n",
       "      <td>-2395401</td>\n",
       "      <td>3021851</td>\n",
       "      <td>-494165</td>\n",
       "      <td>-566353</td>\n",
       "      <td>-525529</td>\n",
       "      <td>51.38</td>\n",
       "    </tr>\n",
       "    <tr>\n",
       "      <th>15</th>\n",
       "      <td>2021/11/26</td>\n",
       "      <td>73500</td>\n",
       "      <td>74100</td>\n",
       "      <td>72000</td>\n",
       "      <td>72300</td>\n",
       "      <td>▼</td>\n",
       "      <td>-1400</td>\n",
       "      <td>-1.90</td>\n",
       "      <td>13002242.0</td>\n",
       "      <td>944378.0</td>\n",
       "      <td>0.15</td>\n",
       "      <td>1825155</td>\n",
       "      <td>-1070320</td>\n",
       "      <td>-1157622</td>\n",
       "      <td>-560900</td>\n",
       "      <td>-1313864</td>\n",
       "      <td>51.39</td>\n",
       "    </tr>\n",
       "    <tr>\n",
       "      <th>16</th>\n",
       "      <td>2021/11/25</td>\n",
       "      <td>75100</td>\n",
       "      <td>75100</td>\n",
       "      <td>73600</td>\n",
       "      <td>73700</td>\n",
       "      <td>▼</td>\n",
       "      <td>-1100</td>\n",
       "      <td>-1.47</td>\n",
       "      <td>12559258.0</td>\n",
       "      <td>929571.0</td>\n",
       "      <td>0.15</td>\n",
       "      <td>694786</td>\n",
       "      <td>-179371</td>\n",
       "      <td>-353300</td>\n",
       "      <td>-143417</td>\n",
       "      <td>-704752</td>\n",
       "      <td>51.41</td>\n",
       "    </tr>\n",
       "    <tr>\n",
       "      <th>17</th>\n",
       "      <td>2021/11/24</td>\n",
       "      <td>76000</td>\n",
       "      <td>76200</td>\n",
       "      <td>74100</td>\n",
       "      <td>74800</td>\n",
       "      <td>▼</td>\n",
       "      <td>-500</td>\n",
       "      <td>-0.66</td>\n",
       "      <td>15652305.0</td>\n",
       "      <td>1174196.0</td>\n",
       "      <td>0.15</td>\n",
       "      <td>701745</td>\n",
       "      <td>-2258726</td>\n",
       "      <td>1484318</td>\n",
       "      <td>1421283</td>\n",
       "      <td>-596182</td>\n",
       "      <td>51.41</td>\n",
       "    </tr>\n",
       "    <tr>\n",
       "      <th>18</th>\n",
       "      <td>2021/11/23</td>\n",
       "      <td>76000</td>\n",
       "      <td>76000</td>\n",
       "      <td>74500</td>\n",
       "      <td>75300</td>\n",
       "      <td>▲</td>\n",
       "      <td>400</td>\n",
       "      <td>0.53</td>\n",
       "      <td>22029195.0</td>\n",
       "      <td>1656722.0</td>\n",
       "      <td>0.16</td>\n",
       "      <td>-2177512</td>\n",
       "      <td>-2811514</td>\n",
       "      <td>4884832</td>\n",
       "      <td>5578065</td>\n",
       "      <td>1247451</td>\n",
       "      <td>51.39</td>\n",
       "    </tr>\n",
       "    <tr>\n",
       "      <th>19</th>\n",
       "      <td>2021/11/22</td>\n",
       "      <td>73300</td>\n",
       "      <td>75200</td>\n",
       "      <td>73000</td>\n",
       "      <td>74900</td>\n",
       "      <td>▲</td>\n",
       "      <td>3700</td>\n",
       "      <td>5.20</td>\n",
       "      <td>27506623.0</td>\n",
       "      <td>2047228.0</td>\n",
       "      <td>0.16</td>\n",
       "      <td>-8689803</td>\n",
       "      <td>3034399</td>\n",
       "      <td>5716921</td>\n",
       "      <td>4760374</td>\n",
       "      <td>3500256</td>\n",
       "      <td>51.31</td>\n",
       "    </tr>\n",
       "  </tbody>\n",
       "</table>\n",
       "</div>"
      ],
      "text/plain": [
       "            일자     시가     고가     저가     종가 전일비  Unnamed: 6   등락률         거래량  \\\n",
       "0   2021/12/17  76800  78000  76800  78000   ▲         200  0.26  11802494.0   \n",
       "1   2021/12/16  78500  78500  77400  77800   ▲         200  0.26  11996128.0   \n",
       "2   2021/12/15  76400  77600  76300  77600   ▲         600  0.78   9584939.0   \n",
       "3   2021/12/14  76500  77200  76200  77000   ▲         200  0.26  10976660.0   \n",
       "4   2021/12/13  77200  78300  76500  76800   ▼        -100 -0.13  15038750.0   \n",
       "5   2021/12/10  77400  77600  76800  76900   ▼       -1300 -1.66   9155219.0   \n",
       "6   2021/12/09  77400  78200  77000  78200   ▲         800  1.03  21604528.0   \n",
       "7   2021/12/08  78300  78600  77100  77400               0  0.00  21558340.0   \n",
       "8   2021/12/07  76100  77700  75600  77400   ▲        1100  1.44  19232453.0   \n",
       "9   2021/12/06  75100  76700  74900  76300   ▲         700  0.93  16391250.0   \n",
       "10  2021/12/03  75600  76000  74100  75600   ▼        -200 -0.26  18330240.0   \n",
       "11  2021/12/02  73900  75800  73800  75800   ▲        1400  1.88  23652940.0   \n",
       "12  2021/12/01  72000  74800  71600  74400   ▲        3100  4.35  21954856.0   \n",
       "13  2021/11/30  73200  73900  70500  71300   ▼       -1000 -1.38  30364841.0   \n",
       "14  2021/11/29  71700  73000  71400  72300               0  0.00  16682559.0   \n",
       "15  2021/11/26  73500  74100  72000  72300   ▼       -1400 -1.90  13002242.0   \n",
       "16  2021/11/25  75100  75100  73600  73700   ▼       -1100 -1.47  12559258.0   \n",
       "17  2021/11/24  76000  76200  74100  74800   ▼        -500 -0.66  15652305.0   \n",
       "18  2021/11/23  76000  76000  74500  75300   ▲         400  0.53  22029195.0   \n",
       "19  2021/11/22  73300  75200  73000  74900   ▲        3700  5.20  27506623.0   \n",
       "\n",
       "       금액(백만)   신용비       개인       기관   외인(수량)      외국계     프로그램    외인비  \n",
       "0    914987.0  0.00  -733323  -907696        0  -257019   757837  51.78  \n",
       "1    934244.0  0.13  -442445  -261746  -105777   571543   822030  51.78  \n",
       "2    738592.0  0.14 -1118059  -654764  1095947  1946258  1706254  51.79  \n",
       "3    841447.0  0.14   198293 -1487295  1005909   804186  -132070  51.77  \n",
       "4   1163285.0  0.13  -181359   184966  -151301 -1388477  -606534  51.75  \n",
       "5    705966.0  0.13  1797829 -1071153  -728679  -505955 -1714088  51.75  \n",
       "6   1681184.0  0.14 -1671678  -491078  2768853  2796574  3486578  51.77  \n",
       "7   1662979.0  0.14 -2524520  2586682   703379  -941476    48232  51.72  \n",
       "8   1477888.0  0.14 -2997907  -547244  4216958  3518986   123462  51.71  \n",
       "9   1245309.0  0.14 -3062604   576498  2508191  2146417  2070776  51.64  \n",
       "10  1375861.0  0.15   133267  -157689  -630400   467310  -532651  51.60  \n",
       "11  1778785.0  0.15 -6603764  -164462  6327924  5789997  5214948  51.61  \n",
       "12  1610885.0  0.15 -6250521   415580  5498391  5601567  3706678  51.50  \n",
       "13  2183678.0  0.15  1834720 -2841806  1600552   370200   939616  51.41  \n",
       "14  1206606.0  0.15 -2395401  3021851  -494165  -566353  -525529  51.38  \n",
       "15   944378.0  0.15  1825155 -1070320 -1157622  -560900 -1313864  51.39  \n",
       "16   929571.0  0.15   694786  -179371  -353300  -143417  -704752  51.41  \n",
       "17  1174196.0  0.15   701745 -2258726  1484318  1421283  -596182  51.41  \n",
       "18  1656722.0  0.16 -2177512 -2811514  4884832  5578065  1247451  51.39  \n",
       "19  2047228.0  0.16 -8689803  3034399  5716921  4760374  3500256  51.31  "
      ]
     },
     "execution_count": 280,
     "metadata": {},
     "output_type": "execute_result"
    }
   ],
   "source": [
    "import pandas as pd\n",
    "\n",
    "ss = pd.read_csv(\"D:/_data/stock predict/삼성전자.csv\", thousands=',', encoding='CP949')\n",
    "ss = ss.drop(range(20, 1120), axis=0)\n",
    "ki = pd.read_csv(\"D:/_data/stock predict/키움증권.csv\", thousands=',', encoding='CP949')\n",
    "ki = ki.drop(range(20, 1060), axis=0)\n",
    "\n",
    "ss"
   ]
  },
  {
   "cell_type": "markdown",
   "metadata": {},
   "source": [
    "데이터 전처리"
   ]
  },
  {
   "cell_type": "code",
   "execution_count": 281,
   "metadata": {},
   "outputs": [],
   "source": [
    "import numpy as np\n",
    "from tensorflow.keras.models import Model, load_model\n",
    "from tensorflow.keras.layers import Dense, Input, LSTM, Dropout\n",
    "\n",
    "from sklearn.preprocessing import MinMaxScaler\n",
    "from sklearn.model_selection import train_test_split\n",
    "import matplotlib.pyplot as plt"
   ]
  },
  {
   "cell_type": "code",
   "execution_count": 282,
   "metadata": {},
   "outputs": [
    {
     "data": {
      "text/html": [
       "<div>\n",
       "<style scoped>\n",
       "    .dataframe tbody tr th:only-of-type {\n",
       "        vertical-align: middle;\n",
       "    }\n",
       "\n",
       "    .dataframe tbody tr th {\n",
       "        vertical-align: top;\n",
       "    }\n",
       "\n",
       "    .dataframe thead th {\n",
       "        text-align: right;\n",
       "    }\n",
       "</style>\n",
       "<table border=\"1\" class=\"dataframe\">\n",
       "  <thead>\n",
       "    <tr style=\"text-align: right;\">\n",
       "      <th></th>\n",
       "      <th>일자</th>\n",
       "      <th>시가</th>\n",
       "      <th>고가</th>\n",
       "      <th>저가</th>\n",
       "      <th>종가</th>\n",
       "      <th>전일비</th>\n",
       "      <th>Unnamed: 6</th>\n",
       "      <th>등락률</th>\n",
       "      <th>거래량</th>\n",
       "      <th>금액(백만)</th>\n",
       "      <th>신용비</th>\n",
       "      <th>개인</th>\n",
       "      <th>기관</th>\n",
       "      <th>외인(수량)</th>\n",
       "      <th>외국계</th>\n",
       "      <th>프로그램</th>\n",
       "      <th>외인비</th>\n",
       "    </tr>\n",
       "  </thead>\n",
       "  <tbody>\n",
       "    <tr>\n",
       "      <th>0</th>\n",
       "      <td>2021/11/22</td>\n",
       "      <td>73300</td>\n",
       "      <td>75200</td>\n",
       "      <td>73000</td>\n",
       "      <td>74900</td>\n",
       "      <td>▲</td>\n",
       "      <td>3700</td>\n",
       "      <td>5.20</td>\n",
       "      <td>27506623.0</td>\n",
       "      <td>2047228.0</td>\n",
       "      <td>0.16</td>\n",
       "      <td>-8689803</td>\n",
       "      <td>3034399</td>\n",
       "      <td>5716921</td>\n",
       "      <td>4760374</td>\n",
       "      <td>3500256</td>\n",
       "      <td>51.31</td>\n",
       "    </tr>\n",
       "    <tr>\n",
       "      <th>1</th>\n",
       "      <td>2021/11/23</td>\n",
       "      <td>76000</td>\n",
       "      <td>76000</td>\n",
       "      <td>74500</td>\n",
       "      <td>75300</td>\n",
       "      <td>▲</td>\n",
       "      <td>400</td>\n",
       "      <td>0.53</td>\n",
       "      <td>22029195.0</td>\n",
       "      <td>1656722.0</td>\n",
       "      <td>0.16</td>\n",
       "      <td>-2177512</td>\n",
       "      <td>-2811514</td>\n",
       "      <td>4884832</td>\n",
       "      <td>5578065</td>\n",
       "      <td>1247451</td>\n",
       "      <td>51.39</td>\n",
       "    </tr>\n",
       "    <tr>\n",
       "      <th>2</th>\n",
       "      <td>2021/11/24</td>\n",
       "      <td>76000</td>\n",
       "      <td>76200</td>\n",
       "      <td>74100</td>\n",
       "      <td>74800</td>\n",
       "      <td>▼</td>\n",
       "      <td>-500</td>\n",
       "      <td>-0.66</td>\n",
       "      <td>15652305.0</td>\n",
       "      <td>1174196.0</td>\n",
       "      <td>0.15</td>\n",
       "      <td>701745</td>\n",
       "      <td>-2258726</td>\n",
       "      <td>1484318</td>\n",
       "      <td>1421283</td>\n",
       "      <td>-596182</td>\n",
       "      <td>51.41</td>\n",
       "    </tr>\n",
       "    <tr>\n",
       "      <th>3</th>\n",
       "      <td>2021/11/25</td>\n",
       "      <td>75100</td>\n",
       "      <td>75100</td>\n",
       "      <td>73600</td>\n",
       "      <td>73700</td>\n",
       "      <td>▼</td>\n",
       "      <td>-1100</td>\n",
       "      <td>-1.47</td>\n",
       "      <td>12559258.0</td>\n",
       "      <td>929571.0</td>\n",
       "      <td>0.15</td>\n",
       "      <td>694786</td>\n",
       "      <td>-179371</td>\n",
       "      <td>-353300</td>\n",
       "      <td>-143417</td>\n",
       "      <td>-704752</td>\n",
       "      <td>51.41</td>\n",
       "    </tr>\n",
       "    <tr>\n",
       "      <th>4</th>\n",
       "      <td>2021/11/26</td>\n",
       "      <td>73500</td>\n",
       "      <td>74100</td>\n",
       "      <td>72000</td>\n",
       "      <td>72300</td>\n",
       "      <td>▼</td>\n",
       "      <td>-1400</td>\n",
       "      <td>-1.90</td>\n",
       "      <td>13002242.0</td>\n",
       "      <td>944378.0</td>\n",
       "      <td>0.15</td>\n",
       "      <td>1825155</td>\n",
       "      <td>-1070320</td>\n",
       "      <td>-1157622</td>\n",
       "      <td>-560900</td>\n",
       "      <td>-1313864</td>\n",
       "      <td>51.39</td>\n",
       "    </tr>\n",
       "    <tr>\n",
       "      <th>5</th>\n",
       "      <td>2021/11/29</td>\n",
       "      <td>71700</td>\n",
       "      <td>73000</td>\n",
       "      <td>71400</td>\n",
       "      <td>72300</td>\n",
       "      <td></td>\n",
       "      <td>0</td>\n",
       "      <td>0.00</td>\n",
       "      <td>16682559.0</td>\n",
       "      <td>1206606.0</td>\n",
       "      <td>0.15</td>\n",
       "      <td>-2395401</td>\n",
       "      <td>3021851</td>\n",
       "      <td>-494165</td>\n",
       "      <td>-566353</td>\n",
       "      <td>-525529</td>\n",
       "      <td>51.38</td>\n",
       "    </tr>\n",
       "    <tr>\n",
       "      <th>6</th>\n",
       "      <td>2021/11/30</td>\n",
       "      <td>73200</td>\n",
       "      <td>73900</td>\n",
       "      <td>70500</td>\n",
       "      <td>71300</td>\n",
       "      <td>▼</td>\n",
       "      <td>-1000</td>\n",
       "      <td>-1.38</td>\n",
       "      <td>30364841.0</td>\n",
       "      <td>2183678.0</td>\n",
       "      <td>0.15</td>\n",
       "      <td>1834720</td>\n",
       "      <td>-2841806</td>\n",
       "      <td>1600552</td>\n",
       "      <td>370200</td>\n",
       "      <td>939616</td>\n",
       "      <td>51.41</td>\n",
       "    </tr>\n",
       "    <tr>\n",
       "      <th>7</th>\n",
       "      <td>2021/12/01</td>\n",
       "      <td>72000</td>\n",
       "      <td>74800</td>\n",
       "      <td>71600</td>\n",
       "      <td>74400</td>\n",
       "      <td>▲</td>\n",
       "      <td>3100</td>\n",
       "      <td>4.35</td>\n",
       "      <td>21954856.0</td>\n",
       "      <td>1610885.0</td>\n",
       "      <td>0.15</td>\n",
       "      <td>-6250521</td>\n",
       "      <td>415580</td>\n",
       "      <td>5498391</td>\n",
       "      <td>5601567</td>\n",
       "      <td>3706678</td>\n",
       "      <td>51.50</td>\n",
       "    </tr>\n",
       "    <tr>\n",
       "      <th>8</th>\n",
       "      <td>2021/12/02</td>\n",
       "      <td>73900</td>\n",
       "      <td>75800</td>\n",
       "      <td>73800</td>\n",
       "      <td>75800</td>\n",
       "      <td>▲</td>\n",
       "      <td>1400</td>\n",
       "      <td>1.88</td>\n",
       "      <td>23652940.0</td>\n",
       "      <td>1778785.0</td>\n",
       "      <td>0.15</td>\n",
       "      <td>-6603764</td>\n",
       "      <td>-164462</td>\n",
       "      <td>6327924</td>\n",
       "      <td>5789997</td>\n",
       "      <td>5214948</td>\n",
       "      <td>51.61</td>\n",
       "    </tr>\n",
       "    <tr>\n",
       "      <th>9</th>\n",
       "      <td>2021/12/03</td>\n",
       "      <td>75600</td>\n",
       "      <td>76000</td>\n",
       "      <td>74100</td>\n",
       "      <td>75600</td>\n",
       "      <td>▼</td>\n",
       "      <td>-200</td>\n",
       "      <td>-0.26</td>\n",
       "      <td>18330240.0</td>\n",
       "      <td>1375861.0</td>\n",
       "      <td>0.15</td>\n",
       "      <td>133267</td>\n",
       "      <td>-157689</td>\n",
       "      <td>-630400</td>\n",
       "      <td>467310</td>\n",
       "      <td>-532651</td>\n",
       "      <td>51.60</td>\n",
       "    </tr>\n",
       "    <tr>\n",
       "      <th>10</th>\n",
       "      <td>2021/12/06</td>\n",
       "      <td>75100</td>\n",
       "      <td>76700</td>\n",
       "      <td>74900</td>\n",
       "      <td>76300</td>\n",
       "      <td>▲</td>\n",
       "      <td>700</td>\n",
       "      <td>0.93</td>\n",
       "      <td>16391250.0</td>\n",
       "      <td>1245309.0</td>\n",
       "      <td>0.14</td>\n",
       "      <td>-3062604</td>\n",
       "      <td>576498</td>\n",
       "      <td>2508191</td>\n",
       "      <td>2146417</td>\n",
       "      <td>2070776</td>\n",
       "      <td>51.64</td>\n",
       "    </tr>\n",
       "    <tr>\n",
       "      <th>11</th>\n",
       "      <td>2021/12/07</td>\n",
       "      <td>76100</td>\n",
       "      <td>77700</td>\n",
       "      <td>75600</td>\n",
       "      <td>77400</td>\n",
       "      <td>▲</td>\n",
       "      <td>1100</td>\n",
       "      <td>1.44</td>\n",
       "      <td>19232453.0</td>\n",
       "      <td>1477888.0</td>\n",
       "      <td>0.14</td>\n",
       "      <td>-2997907</td>\n",
       "      <td>-547244</td>\n",
       "      <td>4216958</td>\n",
       "      <td>3518986</td>\n",
       "      <td>123462</td>\n",
       "      <td>51.71</td>\n",
       "    </tr>\n",
       "    <tr>\n",
       "      <th>12</th>\n",
       "      <td>2021/12/08</td>\n",
       "      <td>78300</td>\n",
       "      <td>78600</td>\n",
       "      <td>77100</td>\n",
       "      <td>77400</td>\n",
       "      <td></td>\n",
       "      <td>0</td>\n",
       "      <td>0.00</td>\n",
       "      <td>21558340.0</td>\n",
       "      <td>1662979.0</td>\n",
       "      <td>0.14</td>\n",
       "      <td>-2524520</td>\n",
       "      <td>2586682</td>\n",
       "      <td>703379</td>\n",
       "      <td>-941476</td>\n",
       "      <td>48232</td>\n",
       "      <td>51.72</td>\n",
       "    </tr>\n",
       "    <tr>\n",
       "      <th>13</th>\n",
       "      <td>2021/12/09</td>\n",
       "      <td>77400</td>\n",
       "      <td>78200</td>\n",
       "      <td>77000</td>\n",
       "      <td>78200</td>\n",
       "      <td>▲</td>\n",
       "      <td>800</td>\n",
       "      <td>1.03</td>\n",
       "      <td>21604528.0</td>\n",
       "      <td>1681184.0</td>\n",
       "      <td>0.14</td>\n",
       "      <td>-1671678</td>\n",
       "      <td>-491078</td>\n",
       "      <td>2768853</td>\n",
       "      <td>2796574</td>\n",
       "      <td>3486578</td>\n",
       "      <td>51.77</td>\n",
       "    </tr>\n",
       "    <tr>\n",
       "      <th>14</th>\n",
       "      <td>2021/12/10</td>\n",
       "      <td>77400</td>\n",
       "      <td>77600</td>\n",
       "      <td>76800</td>\n",
       "      <td>76900</td>\n",
       "      <td>▼</td>\n",
       "      <td>-1300</td>\n",
       "      <td>-1.66</td>\n",
       "      <td>9155219.0</td>\n",
       "      <td>705966.0</td>\n",
       "      <td>0.13</td>\n",
       "      <td>1797829</td>\n",
       "      <td>-1071153</td>\n",
       "      <td>-728679</td>\n",
       "      <td>-505955</td>\n",
       "      <td>-1714088</td>\n",
       "      <td>51.75</td>\n",
       "    </tr>\n",
       "    <tr>\n",
       "      <th>15</th>\n",
       "      <td>2021/12/13</td>\n",
       "      <td>77200</td>\n",
       "      <td>78300</td>\n",
       "      <td>76500</td>\n",
       "      <td>76800</td>\n",
       "      <td>▼</td>\n",
       "      <td>-100</td>\n",
       "      <td>-0.13</td>\n",
       "      <td>15038750.0</td>\n",
       "      <td>1163285.0</td>\n",
       "      <td>0.13</td>\n",
       "      <td>-181359</td>\n",
       "      <td>184966</td>\n",
       "      <td>-151301</td>\n",
       "      <td>-1388477</td>\n",
       "      <td>-606534</td>\n",
       "      <td>51.75</td>\n",
       "    </tr>\n",
       "    <tr>\n",
       "      <th>16</th>\n",
       "      <td>2021/12/14</td>\n",
       "      <td>76500</td>\n",
       "      <td>77200</td>\n",
       "      <td>76200</td>\n",
       "      <td>77000</td>\n",
       "      <td>▲</td>\n",
       "      <td>200</td>\n",
       "      <td>0.26</td>\n",
       "      <td>10976660.0</td>\n",
       "      <td>841447.0</td>\n",
       "      <td>0.14</td>\n",
       "      <td>198293</td>\n",
       "      <td>-1487295</td>\n",
       "      <td>1005909</td>\n",
       "      <td>804186</td>\n",
       "      <td>-132070</td>\n",
       "      <td>51.77</td>\n",
       "    </tr>\n",
       "    <tr>\n",
       "      <th>17</th>\n",
       "      <td>2021/12/15</td>\n",
       "      <td>76400</td>\n",
       "      <td>77600</td>\n",
       "      <td>76300</td>\n",
       "      <td>77600</td>\n",
       "      <td>▲</td>\n",
       "      <td>600</td>\n",
       "      <td>0.78</td>\n",
       "      <td>9584939.0</td>\n",
       "      <td>738592.0</td>\n",
       "      <td>0.14</td>\n",
       "      <td>-1118059</td>\n",
       "      <td>-654764</td>\n",
       "      <td>1095947</td>\n",
       "      <td>1946258</td>\n",
       "      <td>1706254</td>\n",
       "      <td>51.79</td>\n",
       "    </tr>\n",
       "    <tr>\n",
       "      <th>18</th>\n",
       "      <td>2021/12/16</td>\n",
       "      <td>78500</td>\n",
       "      <td>78500</td>\n",
       "      <td>77400</td>\n",
       "      <td>77800</td>\n",
       "      <td>▲</td>\n",
       "      <td>200</td>\n",
       "      <td>0.26</td>\n",
       "      <td>11996128.0</td>\n",
       "      <td>934244.0</td>\n",
       "      <td>0.13</td>\n",
       "      <td>-442445</td>\n",
       "      <td>-261746</td>\n",
       "      <td>-105777</td>\n",
       "      <td>571543</td>\n",
       "      <td>822030</td>\n",
       "      <td>51.78</td>\n",
       "    </tr>\n",
       "    <tr>\n",
       "      <th>19</th>\n",
       "      <td>2021/12/17</td>\n",
       "      <td>76800</td>\n",
       "      <td>78000</td>\n",
       "      <td>76800</td>\n",
       "      <td>78000</td>\n",
       "      <td>▲</td>\n",
       "      <td>200</td>\n",
       "      <td>0.26</td>\n",
       "      <td>11802494.0</td>\n",
       "      <td>914987.0</td>\n",
       "      <td>0.00</td>\n",
       "      <td>-733323</td>\n",
       "      <td>-907696</td>\n",
       "      <td>0</td>\n",
       "      <td>-257019</td>\n",
       "      <td>757837</td>\n",
       "      <td>51.78</td>\n",
       "    </tr>\n",
       "  </tbody>\n",
       "</table>\n",
       "</div>"
      ],
      "text/plain": [
       "            일자     시가     고가     저가     종가 전일비  Unnamed: 6   등락률         거래량  \\\n",
       "0   2021/11/22  73300  75200  73000  74900   ▲        3700  5.20  27506623.0   \n",
       "1   2021/11/23  76000  76000  74500  75300   ▲         400  0.53  22029195.0   \n",
       "2   2021/11/24  76000  76200  74100  74800   ▼        -500 -0.66  15652305.0   \n",
       "3   2021/11/25  75100  75100  73600  73700   ▼       -1100 -1.47  12559258.0   \n",
       "4   2021/11/26  73500  74100  72000  72300   ▼       -1400 -1.90  13002242.0   \n",
       "5   2021/11/29  71700  73000  71400  72300               0  0.00  16682559.0   \n",
       "6   2021/11/30  73200  73900  70500  71300   ▼       -1000 -1.38  30364841.0   \n",
       "7   2021/12/01  72000  74800  71600  74400   ▲        3100  4.35  21954856.0   \n",
       "8   2021/12/02  73900  75800  73800  75800   ▲        1400  1.88  23652940.0   \n",
       "9   2021/12/03  75600  76000  74100  75600   ▼        -200 -0.26  18330240.0   \n",
       "10  2021/12/06  75100  76700  74900  76300   ▲         700  0.93  16391250.0   \n",
       "11  2021/12/07  76100  77700  75600  77400   ▲        1100  1.44  19232453.0   \n",
       "12  2021/12/08  78300  78600  77100  77400               0  0.00  21558340.0   \n",
       "13  2021/12/09  77400  78200  77000  78200   ▲         800  1.03  21604528.0   \n",
       "14  2021/12/10  77400  77600  76800  76900   ▼       -1300 -1.66   9155219.0   \n",
       "15  2021/12/13  77200  78300  76500  76800   ▼        -100 -0.13  15038750.0   \n",
       "16  2021/12/14  76500  77200  76200  77000   ▲         200  0.26  10976660.0   \n",
       "17  2021/12/15  76400  77600  76300  77600   ▲         600  0.78   9584939.0   \n",
       "18  2021/12/16  78500  78500  77400  77800   ▲         200  0.26  11996128.0   \n",
       "19  2021/12/17  76800  78000  76800  78000   ▲         200  0.26  11802494.0   \n",
       "\n",
       "       금액(백만)   신용비       개인       기관   외인(수량)      외국계     프로그램    외인비  \n",
       "0   2047228.0  0.16 -8689803  3034399  5716921  4760374  3500256  51.31  \n",
       "1   1656722.0  0.16 -2177512 -2811514  4884832  5578065  1247451  51.39  \n",
       "2   1174196.0  0.15   701745 -2258726  1484318  1421283  -596182  51.41  \n",
       "3    929571.0  0.15   694786  -179371  -353300  -143417  -704752  51.41  \n",
       "4    944378.0  0.15  1825155 -1070320 -1157622  -560900 -1313864  51.39  \n",
       "5   1206606.0  0.15 -2395401  3021851  -494165  -566353  -525529  51.38  \n",
       "6   2183678.0  0.15  1834720 -2841806  1600552   370200   939616  51.41  \n",
       "7   1610885.0  0.15 -6250521   415580  5498391  5601567  3706678  51.50  \n",
       "8   1778785.0  0.15 -6603764  -164462  6327924  5789997  5214948  51.61  \n",
       "9   1375861.0  0.15   133267  -157689  -630400   467310  -532651  51.60  \n",
       "10  1245309.0  0.14 -3062604   576498  2508191  2146417  2070776  51.64  \n",
       "11  1477888.0  0.14 -2997907  -547244  4216958  3518986   123462  51.71  \n",
       "12  1662979.0  0.14 -2524520  2586682   703379  -941476    48232  51.72  \n",
       "13  1681184.0  0.14 -1671678  -491078  2768853  2796574  3486578  51.77  \n",
       "14   705966.0  0.13  1797829 -1071153  -728679  -505955 -1714088  51.75  \n",
       "15  1163285.0  0.13  -181359   184966  -151301 -1388477  -606534  51.75  \n",
       "16   841447.0  0.14   198293 -1487295  1005909   804186  -132070  51.77  \n",
       "17   738592.0  0.14 -1118059  -654764  1095947  1946258  1706254  51.79  \n",
       "18   934244.0  0.13  -442445  -261746  -105777   571543   822030  51.78  \n",
       "19   914987.0  0.00  -733323  -907696        0  -257019   757837  51.78  "
      ]
     },
     "execution_count": 282,
     "metadata": {},
     "output_type": "execute_result"
    }
   ],
   "source": [
    "\n",
    "# 인덱스 재배열\n",
    "ss = ss.loc[::-1].reset_index(drop=True)\n",
    "ki = ki.loc[::-1].reset_index(drop=True)\n",
    "\n",
    "ss"
   ]
  },
  {
   "cell_type": "code",
   "execution_count": 283,
   "metadata": {},
   "outputs": [
    {
     "data": {
      "text/plain": [
       "(20, 2)"
      ]
     },
     "execution_count": 283,
     "metadata": {},
     "output_type": "execute_result"
    }
   ],
   "source": [
    "# 필요한 컬럼만 남겨두기\n",
    "x_ss = ss.drop(['일자', '고가', '저가', '전일비', 'Unnamed: 6', '등락률', '거래량', '금액(백만)', '신용비', '개인', '기관', '외인(수량)', '외국계', '프로그램', '외인비'], axis =1)\n",
    "x_ss = np.array(x_ss)\n",
    "x_ki = ki.drop(['일자', '고가', '저가', '전일비', 'Unnamed: 6', '등락률', '거래량', '금액(백만)', '신용비', '개인', '기관', '외인(수량)', '외국계', '프로그램', '외인비'], axis =1)\n",
    "x_ki = np.array(x_ki)\n",
    "\n",
    "x_ss.shape"
   ]
  },
  {
   "cell_type": "code",
   "execution_count": 284,
   "metadata": {},
   "outputs": [],
   "source": [
    "# split 함수 정의\n",
    "def split_xy(dataset, time_steps, y_column):\n",
    "    x, y = list(), list()\n",
    "    for i in range(len(dataset)):\n",
    "        x_end_number = i + time_steps\n",
    "        y_end_number = x_end_number + y_column - 1\n",
    "        \n",
    "        if y_end_number > len(dataset):\n",
    "            break\n",
    "        tmp_x = dataset[i:x_end_number, :-1]\n",
    "        tmp_y = dataset[x_end_number-1:y_end_number, -1]\n",
    "        x.append(tmp_x)\n",
    "        y.append(tmp_y)\n",
    "    return np.array(x), np.array(y)\n",
    "\n",
    "x_ssp, y_ssp = split_xy(x_ss, 4, 2)\n",
    "x_kip, y_kip = split_xy(x_ki, 4, 2)"
   ]
  },
  {
   "cell_type": "code",
   "execution_count": 285,
   "metadata": {},
   "outputs": [],
   "source": [
    "# 삼성 데이터 train_test_split 적용\n",
    "x1_train, x1_test, y1_train, y1_test = train_test_split(x_ssp, y_ssp, train_size=0.8, random_state=66)\n",
    "\n",
    "# 키움 데이터 train_test_split 적용\n",
    "x2_train, x2_test, y2_train, y2_test = train_test_split(x_kip, y_kip, train_size=0.8, random_state=66)"
   ]
  },
  {
   "cell_type": "markdown",
   "metadata": {},
   "source": [
    "모델 구성"
   ]
  },
  {
   "cell_type": "code",
   "execution_count": 286,
   "metadata": {},
   "outputs": [],
   "source": [
    "#삼성 input\n",
    "input1 = Input(shape=(4, 1))\n",
    "dense1_1 = LSTM(32, activation='relu')(input1)\n",
    "dense1_2 = Dense(16, activation='relu')(dense1_1)\n",
